862 1020
845 1161
862 1321
879 1487
935 1662
1062 1834
1181 1951
1329 2014
1480 2028
1657 1992
1759 1902
1834 1766
1905 1596
1939 1455
1941 1295
1944 1117
1929 979
955 1005
1032 930
1132 916
1219 935
1300 979
1506 940
1596 899
1720 891
1805 908
1866 947
1404 1110
1416 1210
1416 1307
1419 1402
1239 1453
1314 1491
1428 1516
1499 1494
1579 1445
1003 1110
1069 1020
1210 1005
1346 1093
1232 1151
1117 1159
1477 1086
1577 1008
1686 996
1800 1074
1708 1166
1611 1166
1205 1645
1285 1623
1348 1613
1419 1615
1494 1611
1569 1608
1647 1630
1584 1683
1526 1708
1443 1732
1387 1730
1294 1696
1259 1656
1326 1661
1409 1665
1498 1657
1578 1638
1503 1680
1411 1685
1327 1680
