17 1 0
1 17 36
51 63 62
63 51 52
19 37 18
37 19 20
2 1 36
40 29 31
29 40 39
3 2 31
31 49 48
49 31 50
4 3 48
64 63 53
63 64 65
5 4 48
6 5 48
29 35 30
35 29 47
7 6 59
30 35 34
8 7 58
9 8 57
10 9 55
31 29 30
11 10 54
38 40 37
40 38 39
12 11 54
36 18 37
18 36 17
13 12 54
14 13 35
2 36 41
15 14 46
39 27 28
27 39 21
16 15 45
43 23 24
23 43 22
0 18 17
31 2 41
44 47 43
47 44 46
23 20 19
20 23 22
21 22 27
22 21 20
27 42 28
42 27 22
20 21 38
47 29 42
42 29 28
42 22 43
23 19 24
44 24 25
24 44 43
25 16 26
16 45 26
25 26 45
35 54 53
54 35 13
35 53 52
3 31 48
28 29 39
55 9 56
58 7 59
62 61 51
61 62 67
67 62 66
31 30 32
33 51 50
51 33 52
31 32 50
32 30 33
34 52 33
52 34 35
32 33 50
33 30 34
14 35 46
37 40 41
31 41 40
36 37 41
37 20 38
38 21 39
46 44 45
44 25 45
42 43 47
15 46 45
46 35 47
6 48 59
48 49 60
49 50 61
9 57 56
50 51 61
65 55 56
55 65 64
10 55 54
52 53 63
53 54 64
54 55 64
57 8 58
49 61 67
56 57 66
67 60 49
60 67 59
57 58 66
58 59 67
59 48 60
67 66 58
56 66 65
65 66 62
62 63 65
