1238 1291
1235 1298
1231 1303
1228 1308
1228 1314
1227 1320
1225 1331
1220 1334
1215 1334
1209 1333
1205 1329
1204 1318
1205 1312
1206 1306
1203 1300
1201 1295
1200 1288
1236 1289
1233 1286
1230 1285
1226 1286
1222 1287
1216 1286
1213 1284
1209 1283
1205 1284
1203 1286
1218 1293
1217 1298
1217 1303
1216 1310
1221 1311
1218 1314
1216 1316
1214 1314
1212 1311
1233 1291
1230 1289
1226 1289
1223 1292
1225 1294
1230 1294
1214 1292
1210 1288
1206 1288
1204 1289
1206 1292
1210 1292
1225 1325
1222 1322
1220 1322
1215 1321
1211 1321
1207 1321
1205 1324
1206 1328
1208 1330
1213 1331
1217 1331
1221 1330
1222 1325
1218 1324
1214 1324
1210 1324
1206 1324
1210 1326
1214 1327
1218 1327
