37 18 19
18 37 36
49 61 59
61 49 50
3 1 2
1 0 17
2 31 3
31 2 41
2 1 36
54 35 13
35 54 53
57 8 58
8 57 9
4 3 48
33 51 50
51 33 52
5 4 48
31 29 30
29 31 40
6 5 59
22 27 21
27 22 42
7 6 58
8 7 58
29 40 28
10 9 56
37 19 20
11 10 55
28 40 39
12 11 54
40 37 38
37 40 41
13 12 54
2 36 41
15 13 14
14 13 35
18 36 17
15 14 45
1 17 36
16 15 26
31 41 40
17 0 18
47 35 29
35 47 46
22 23 43
23 22 20
42 22 43
20 19 23
44 46 47
46 44 45
20 21 38
21 20 22
44 47 43
27 42 28
43 23 44
23 19 24
44 24 25
24 44 23
25 16 26
26 15 45
25 26 45
21 27 39
28 47 29
47 28 42
35 30 29
30 35 34
27 28 39
34 52 33
52 34 53
48 31 49
31 48 3
58 62 57
62 58 67
49 32 50
32 49 31
31 30 32
32 30 33
65 56 63
56 65 55
32 33 50
33 30 34
14 35 46
34 35 53
40 38 39
36 37 41
37 20 38
38 21 39
14 46 45
42 43 47
44 25 45
5 48 59
48 49 60
57 66 56
66 57 62
56 9 57
50 51 67
65 52 53
52 65 63
51 52 63
55 54 11
54 55 64
53 54 64
10 56 55
53 55 65
55 53 64
51 63 66
50 67 61
49 59 60
58 6 59
59 48 60
58 59 61
58 61 67
51 62 67
62 51 66
63 56 66
