844 1034
851 1192
873 1355
894 1521
946 1673
1044 1807
1167 1921
1306 2014
1461 2037
1611 1999
1728 1889
1832 1763
1908 1626
1941 1479
1957 1321
1968 1164
1962 1008
949 1012
1020 936
1125 912
1236 931
1339 971
1495 957
1594 906
1698 889
1799 908
1871 976
1415 1081
1418 1198
1421 1317
1425 1433
1301 1483
1361 1507
1427 1529
1492 1503
1549 1477
1091 1089
1149 1056
1228 1059
1295 1104
1224 1123
1148 1124
1543 1098
1606 1054
1681 1054
1739 1078
1687 1112
1613 1115
1220 1651
1297 1633
1374 1620
1432 1634
1496 1614
1575 1620
1645 1627
1582 1697
1511 1744
1445 1758
1383 1754
1303 1718
1255 1663
1375 1674
1434 1678
1500 1665
1614 1638
1504 1661
1440 1680
1382 1670
