459 735
695 771
921 844
1124 901
1317 877
1543 829
1932 818
2060 964
2125 1129
2130 1334
2051 1495
1692 1641
1451 1668
1245 1696
1057 1828
906 1947
707 2055
389 838
325 930
324 1067
367 1177
454 1309
488 1531
446 1655
444 1788
504 1909
595 1963
685 1402
881 1374
1054 1346
1288 1305
1291 1128
1415 1187
1486 1261
1441 1348
1366 1436
499 900
453 1016
481 1145
624 1240
662 1129
623 986
692 1550
592 1697
618 1840
692 1898
766 1823
757 1685
1733 856
1655 981
1650 1075
1688 1232
1723 1373
1759 1496
1853 1542
1990 1496
2026 1385
2041 1203
1994 1060
1905 944
1748 964
1753 1105
1772 1242
1815 1383
1868 1512
1898 1376
1879 1234
1853 1083
