495 683
578 906
696 1113
793 1301
808 1494
807 1726
875 2109
1043 2205
1219 2235
1420 2198
1562 2088
1633 1707
1610 1466
1596 1259
1687 1048
1773 876
1838 658
582 594
659 513
793 484
910 504
1057 562
1281 550
1394 484
1523 455
1654 490
1726 567
1195 769
1207 967
1214 1142
1222 1379
1049 1418
1131 1528
1218 1582
1294 1521
1366 1429
665 688
770 620
901 621
1024 742
922 802
774 793
1341 746
1464 618
1610 615
1682 676
1623 763
1486 782
872 1906
978 1804
1069 1781
1231 1785
1376 1791
1504 1802
1568 1885
1551 2028
1449 2086
1274 2138
1125 2121
993 2057
981 1899
1119 1875
1258 1866
1405 1879
1541 1905
1415 1962
1272 1972
1118 1978
