174 214
175 246
180 279
184 313
195 344
215 372
240 395
268 415
300 420
332 413
357 390
378 364
393 335
400 304
402 271
405 239
404 207
196 208
210 193
231 188
254 191
275 199
307 197
328 186
350 183
371 187
385 202
291 223
292 247
293 272
294 296
268 306
280 311
294 315
307 310
319 304
224 225
236 218
252 218
266 227
252 232
236 232
318 226
331 217
347 217
359 222
347 229
332 229
252 340
267 337
282 334
294 337
307 333
323 334
339 336
325 350
310 359
297 362
284 361
268 354
259 342
282 345
295 346
308 343
332 338
309 343
296 346
284 344
