18 37 17
37 18 19
38 41 37
41 38 40
1 0 36
2 1 36
48 31 49
31 48 3
3 2 31
53 34 35
34 53 52
4 3 48
4 48 5
8 57 56
57 8 7
6 5 59
54 35 13
35 54 53
7 6 58
35 30 29
30 35 34
40 29 31
29 40 28
9 8 56
10 9 56
28 40 39
11 10 55
40 38 39
12 11 54
20 38 19
38 20 21
13 12 54
17 37 36
14 13 35
15 14 45
36 0 17
16 15 45
46 44 45
44 46 47
17 0 18
23 43 22
43 23 44
20 22 21
22 20 23
27 42 28
42 27 21
20 19 23
21 22 42
47 29 28
29 47 35
44 47 43
25 44 24
44 25 45
23 24 44
25 16 26
16 45 26
25 26 45
21 27 39
35 47 46
31 29 30
27 28 39
31 2 41
33 51 50
51 33 52
49 32 50
32 49 31
53 63 52
63 53 64
7 58 57
31 30 32
49 61 60
61 49 50
32 30 33
54 55 64
55 54 11
32 33 50
33 30 34
33 34 52
14 35 46
41 2 36
19 38 37
36 37 41
38 21 39
40 31 41
28 42 47
42 22 43
42 43 47
14 46 45
5 48 59
48 49 60
62 50 51
50 62 61
63 51 52
51 63 62
55 10 56
53 54 64
63 64 65
65 64 55
63 66 62
66 63 65
55 56 65
61 62 67
56 57 65
60 61 59
57 58 66
58 6 59
59 48 60
58 59 67
59 61 67
67 66 58
66 67 62
66 65 57
