36 0 17
0 36 1
29 3 2
3 29 31
1 6 0
6 1 5
35 29 13
29 35 30
2 5 1
5 2 4
2 1 41
30 32 31
32 30 34
4 2 3
9 57 56
57 9 8
4 3 31
5 49 48
49 5 32
5 4 32
59 7 6
7 59 58
6 5 48
62 67 61
67 62 66
60 50 61
50 60 49
8 7 58
10 9 56
32 34 33
11 10 54
38 41 37
41 38 40
11 12 15
12 11 34
22 27 21
27 22 42
15 12 14
12 13 14
13 12 35
18 36 17
36 18 37
14 13 29
19 37 18
37 19 38
15 14 46
28 40 39
40 28 29
16 15 45
43 23 24
23 43 22
40 38 39
37 41 36
23 20 19
20 23 21
42 28 27
28 42 47
19 20 38
22 21 23
28 47 14
20 21 38
42 22 43
46 44 45
44 46 47
23 19 24
44 25 26
25 44 24
25 16 26
26 45 44
45 26 16
21 27 39
28 14 29
40 29 2
27 28 39
31 29 30
35 12 34
32 4 31
34 11 53
32 33 50
33 52 51
52 33 34
33 51 50
34 30 35
1 36 41
38 21 39
2 41 40
46 14 47
24 44 43
42 43 47
43 44 47
45 15 46
60 67 59
67 60 61
6 48 59
48 49 60
49 32 50
8 58 57
50 51 61
52 34 53
63 66 62
66 63 65
51 52 62
10 56 55
52 53 63
53 11 54
63 53 64
53 54 64
54 10 55
65 64 55
64 65 63
54 55 64
63 62 52
55 56 65
62 61 51
56 57 66
57 58 66
59 48 60
58 59 67
67 66 58
65 56 66
