466 727
562 945
692 1144
800 1326
827 1518
840 1749
931 2127
1105 2213
1282 2232
1481 2183
1616 2065
1663 1680
1626 1441
1599 1235
1677 1019
1753 842
1805 621
547 633
619 547
751 510
869 523
1019 572
1242 547
1351 474
1478 437
1611 464
1687 537
1169 771
1193 967
1211 1142
1233 1378
1063 1427
1152 1532
1242 1581
1314 1515
1380 1419
636 722
736 648
867 641
997 754
899 820
751 820
1314 739
1429 604
1574 592
1650 648
1596 739
1461 766
916 1925
1016 1817
1105 1788
1267 1783
1412 1780
1540 1783
1609 1862
1601 2006
1503 2070
1331 2132
1181 2124
1046 2068
1024 1911
1161 1879
1299 1862
1446 1866
1584 1884
1461 1948
1319 1967
1166 1982
